x[supply:2,demand:2]=30.000000
x[supply:1,demand:1]=20.000000
x[supply:2,demand:3]=5.000000
x[supply:1,demand:3]=5.000000
Total costs (Z min function) : 180.0